alpha=0.742456670279
beta=0.0
gama=0.971126765009
